M_jj_AK8_M0_m42p0:  0.080198
M_jj_AK8_M0_m41p0:  0.076425
M_jj_AK8_M0_m40p0:  0.072742
M_jj_AK8_M0_m39p0:  0.069151
M_jj_AK8_M0_m38p0:  0.065650
M_jj_AK8_M0_m37p0:  0.062240
M_jj_AK8_M0_m36p0:  0.058921
M_jj_AK8_M0_m35p0:  0.055693
M_jj_AK8_M0_m34p0:  0.052556
M_jj_AK8_M0_m33p0:  0.049510
M_jj_AK8_M0_m32p0:  0.046555
M_jj_AK8_M0_m31p0:  0.043691
M_jj_AK8_M0_m30p0:  0.040917
M_jj_AK8_M0_m29p0:  0.038235
M_jj_AK8_M0_m28p0:  0.035644
M_jj_AK8_M0_m27p0:  0.033143
M_jj_AK8_M0_m26p0:  0.030734
M_jj_AK8_M0_m25p0:  0.028415
M_jj_AK8_M0_m24p0:  0.026187
M_jj_AK8_M0_m23p0:  0.024050
M_jj_AK8_M0_m22p0:  0.022005
M_jj_AK8_M0_m21p0:  0.020050
M_jj_AK8_M0_m20p0:  0.018186
M_jj_AK8_M0_m19p0:  0.016412
M_jj_AK8_M0_m18p0:  0.014730
M_jj_AK8_M0_m17p0:  0.013139
M_jj_AK8_M0_m16p0:  0.011639
M_jj_AK8_M0_m15p0:  0.010229
M_jj_AK8_M0_m14p0:  0.008911
M_jj_AK8_M0_m13p0:  0.007683
M_jj_AK8_M0_m12p0:  0.006547
M_jj_AK8_M0_m11p0:  0.005501
M_jj_AK8_M0_m10p0:  0.004546
M_jj_AK8_M0_m9p0:  0.003683
M_jj_AK8_M0_m8p0:  0.002910
M_jj_AK8_M0_m7p0:  0.002228
M_jj_AK8_M0_m6p0:  0.001637
M_jj_AK8_M0_m5p0:  0.001137
M_jj_AK8_M0_m4p0:  0.000727
M_jj_AK8_M0_m3p0:  0.000409
M_jj_AK8_M0_m2p0:  0.000182
M_jj_AK8_M0_m1p0:  0.000045
M_jj_AK8_M0_0p0:  0.000000
M_jj_AK8_M0_1p0:  0.000045
M_jj_AK8_M0_2p0:  0.000182
M_jj_AK8_M0_3p0:  0.000409
M_jj_AK8_M0_4p0:  0.000727
M_jj_AK8_M0_5p0:  0.001137
M_jj_AK8_M0_6p0:  0.001637
M_jj_AK8_M0_7p0:  0.002228
M_jj_AK8_M0_8p0:  0.002910
M_jj_AK8_M0_9p0:  0.003683
M_jj_AK8_M0_10p0:  0.004546
M_jj_AK8_M0_11p0:  0.005501
M_jj_AK8_M0_12p0:  0.006547
M_jj_AK8_M0_13p0:  0.007683
M_jj_AK8_M0_14p0:  0.008911
M_jj_AK8_M0_15p0:  0.010229
M_jj_AK8_M0_16p0:  0.011639
M_jj_AK8_M0_17p0:  0.013139
M_jj_AK8_M0_18p0:  0.014730
M_jj_AK8_M0_19p0:  0.016412
M_jj_AK8_M0_20p0:  0.018186
M_jj_AK8_M0_21p0:  0.020050
M_jj_AK8_M0_22p0:  0.022005
M_jj_AK8_M0_23p0:  0.024050
M_jj_AK8_M0_24p0:  0.026187
M_jj_AK8_M0_25p0:  0.028415
M_jj_AK8_M0_26p0:  0.030734
M_jj_AK8_M0_27p0:  0.033143
M_jj_AK8_M0_28p0:  0.035644
M_jj_AK8_M0_29p0:  0.038235
M_jj_AK8_M0_30p0:  0.040917
M_jj_AK8_M0_31p0:  0.043691
M_jj_AK8_M0_32p0:  0.046555
M_jj_AK8_M0_33p0:  0.049510
M_jj_AK8_M0_34p0:  0.052556
M_jj_AK8_M0_35p0:  0.055693
M_jj_AK8_M0_36p0:  0.058921
M_jj_AK8_M0_37p0:  0.062240
M_jj_AK8_M0_38p0:  0.065650
M_jj_AK8_M0_39p0:  0.069151
M_jj_AK8_M0_40p0:  0.072742
M_jj_AK8_M0_41p0:  0.076425
M_jj_AK8_M0_42p0:  0.080198
