M_jj_AK8_M1_m165p0:  1.019518
M_jj_AK8_M1_m160p0:  0.958665
M_jj_AK8_M1_m155p0:  0.899685
M_jj_AK8_M1_m150p0:  0.842577
M_jj_AK8_M1_m145p0:  0.787341
M_jj_AK8_M1_m140p0:  0.733978
M_jj_AK8_M1_m135p0:  0.682487
M_jj_AK8_M1_m130p0:  0.632869
M_jj_AK8_M1_m125p0:  0.585123
M_jj_AK8_M1_m120p0:  0.539249
M_jj_AK8_M1_m115p0:  0.495248
M_jj_AK8_M1_m110p0:  0.453119
M_jj_AK8_M1_m105p0:  0.412863
M_jj_AK8_M1_m100p0:  0.374479
M_jj_AK8_M1_m95p0:  0.337967
M_jj_AK8_M1_m90p0:  0.303328
M_jj_AK8_M1_m85p0:  0.270561
M_jj_AK8_M1_m80p0:  0.239666
M_jj_AK8_M1_m75p0:  0.210644
M_jj_AK8_M1_m70p0:  0.183494
M_jj_AK8_M1_m65p0:  0.158217
M_jj_AK8_M1_m60p0:  0.134812
M_jj_AK8_M1_m55p0:  0.113280
M_jj_AK8_M1_m50p0:  0.093620
M_jj_AK8_M1_m45p0:  0.075832
M_jj_AK8_M1_m40p0:  0.059917
M_jj_AK8_M1_m35p0:  0.045874
M_jj_AK8_M1_m30p0:  0.033703
M_jj_AK8_M1_m25p0:  0.023405
M_jj_AK8_M1_m20p0:  0.014979
M_jj_AK8_M1_m15p0:  0.008426
M_jj_AK8_M1_m10p0:  0.003745
M_jj_AK8_M1_m5p0:  0.000936
M_jj_AK8_M1_0p0:  0.000000
M_jj_AK8_M1_5p0:  0.000936
M_jj_AK8_M1_10p0:  0.003745
M_jj_AK8_M1_15p0:  0.008426
M_jj_AK8_M1_20p0:  0.014979
M_jj_AK8_M1_25p0:  0.023405
M_jj_AK8_M1_30p0:  0.033703
M_jj_AK8_M1_35p0:  0.045874
M_jj_AK8_M1_40p0:  0.059917
M_jj_AK8_M1_45p0:  0.075832
M_jj_AK8_M1_50p0:  0.093620
M_jj_AK8_M1_55p0:  0.113280
M_jj_AK8_M1_60p0:  0.134812
M_jj_AK8_M1_65p0:  0.158217
M_jj_AK8_M1_70p0:  0.183494
M_jj_AK8_M1_75p0:  0.210644
M_jj_AK8_M1_80p0:  0.239666
M_jj_AK8_M1_85p0:  0.270561
M_jj_AK8_M1_90p0:  0.303328
M_jj_AK8_M1_95p0:  0.337967
M_jj_AK8_M1_100p0:  0.374479
M_jj_AK8_M1_105p0:  0.412863
M_jj_AK8_M1_110p0:  0.453119
M_jj_AK8_M1_115p0:  0.495248
M_jj_AK8_M1_120p0:  0.539249
M_jj_AK8_M1_125p0:  0.585123
M_jj_AK8_M1_130p0:  0.632869
M_jj_AK8_M1_135p0:  0.682487
M_jj_AK8_M1_140p0:  0.733978
M_jj_AK8_M1_145p0:  0.787341
M_jj_AK8_M1_150p0:  0.842577
M_jj_AK8_M1_155p0:  0.899685
M_jj_AK8_M1_160p0:  0.958665
M_jj_AK8_M1_165p0:  1.019518
