M_jj_AK8_M6_m84p0:  0.080198
M_jj_AK8_M6_m82p0:  0.076425
M_jj_AK8_M6_m80p0:  0.072742
M_jj_AK8_M6_m78p0:  0.069151
M_jj_AK8_M6_m76p0:  0.065650
M_jj_AK8_M6_m74p0:  0.062240
M_jj_AK8_M6_m72p0:  0.058921
M_jj_AK8_M6_m70p0:  0.055693
M_jj_AK8_M6_m68p0:  0.052556
M_jj_AK8_M6_m66p0:  0.049510
M_jj_AK8_M6_m64p0:  0.046555
M_jj_AK8_M6_m62p0:  0.043691
M_jj_AK8_M6_m60p0:  0.040917
M_jj_AK8_M6_m58p0:  0.038235
M_jj_AK8_M6_m56p0:  0.035644
M_jj_AK8_M6_m54p0:  0.033143
M_jj_AK8_M6_m52p0:  0.030734
M_jj_AK8_M6_m50p0:  0.028415
M_jj_AK8_M6_m48p0:  0.026187
M_jj_AK8_M6_m46p0:  0.024050
M_jj_AK8_M6_m44p0:  0.022005
M_jj_AK8_M6_m42p0:  0.020050
M_jj_AK8_M6_m40p0:  0.018186
M_jj_AK8_M6_m38p0:  0.016412
M_jj_AK8_M6_m36p0:  0.014730
M_jj_AK8_M6_m34p0:  0.013139
M_jj_AK8_M6_m32p0:  0.011639
M_jj_AK8_M6_m30p0:  0.010229
M_jj_AK8_M6_m28p0:  0.008911
M_jj_AK8_M6_m26p0:  0.007683
M_jj_AK8_M6_m24p0:  0.006547
M_jj_AK8_M6_m22p0:  0.005501
M_jj_AK8_M6_m20p0:  0.004546
M_jj_AK8_M6_m18p0:  0.003683
M_jj_AK8_M6_m16p0:  0.002910
M_jj_AK8_M6_m14p0:  0.002228
M_jj_AK8_M6_m12p0:  0.001637
M_jj_AK8_M6_m10p0:  0.001137
M_jj_AK8_M6_m8p0:  0.000727
M_jj_AK8_M6_m6p0:  0.000409
M_jj_AK8_M6_m4p0:  0.000182
M_jj_AK8_M6_m2p0:  0.000045
M_jj_AK8_M6_0p0:  0.000000
M_jj_AK8_M6_2p0:  0.000045
M_jj_AK8_M6_4p0:  0.000182
M_jj_AK8_M6_6p0:  0.000409
M_jj_AK8_M6_8p0:  0.000727
M_jj_AK8_M6_10p0:  0.001137
M_jj_AK8_M6_12p0:  0.001637
M_jj_AK8_M6_14p0:  0.002228
M_jj_AK8_M6_16p0:  0.002910
M_jj_AK8_M6_18p0:  0.003683
M_jj_AK8_M6_20p0:  0.004546
M_jj_AK8_M6_22p0:  0.005501
M_jj_AK8_M6_24p0:  0.006547
M_jj_AK8_M6_26p0:  0.007683
M_jj_AK8_M6_28p0:  0.008911
M_jj_AK8_M6_30p0:  0.010229
M_jj_AK8_M6_32p0:  0.011639
M_jj_AK8_M6_34p0:  0.013139
M_jj_AK8_M6_36p0:  0.014730
M_jj_AK8_M6_38p0:  0.016412
M_jj_AK8_M6_40p0:  0.018186
M_jj_AK8_M6_42p0:  0.020050
M_jj_AK8_M6_44p0:  0.022005
M_jj_AK8_M6_46p0:  0.024050
M_jj_AK8_M6_48p0:  0.026187
M_jj_AK8_M6_50p0:  0.028415
M_jj_AK8_M6_52p0:  0.030734
M_jj_AK8_M6_54p0:  0.033143
M_jj_AK8_M6_56p0:  0.035644
M_jj_AK8_M6_58p0:  0.038235
M_jj_AK8_M6_60p0:  0.040917
M_jj_AK8_M6_62p0:  0.043691
M_jj_AK8_M6_64p0:  0.046555
M_jj_AK8_M6_66p0:  0.049510
M_jj_AK8_M6_68p0:  0.052556
M_jj_AK8_M6_70p0:  0.055693
M_jj_AK8_M6_72p0:  0.058921
M_jj_AK8_M6_74p0:  0.062240
M_jj_AK8_M6_76p0:  0.065650
M_jj_AK8_M6_78p0:  0.069151
M_jj_AK8_M6_80p0:  0.072742
M_jj_AK8_M6_82p0:  0.076425
M_jj_AK8_M6_84p0:  0.080198
