M_jj_AK8_M7_m300p0:  1.808185
M_jj_AK8_M7_m295p0:  1.748415
M_jj_AK8_M7_m290p0:  1.689648
M_jj_AK8_M7_m285p0:  1.631887
M_jj_AK8_M7_m280p0:  1.575130
M_jj_AK8_M7_m275p0:  1.519378
M_jj_AK8_M7_m270p0:  1.464630
M_jj_AK8_M7_m265p0:  1.410887
M_jj_AK8_M7_m260p0:  1.358148
M_jj_AK8_M7_m255p0:  1.306414
M_jj_AK8_M7_m250p0:  1.255684
M_jj_AK8_M7_m245p0:  1.205959
M_jj_AK8_M7_m240p0:  1.157238
M_jj_AK8_M7_m235p0:  1.109523
M_jj_AK8_M7_m230p0:  1.062811
M_jj_AK8_M7_m225p0:  1.017104
M_jj_AK8_M7_m220p0:  0.972402
M_jj_AK8_M7_m215p0:  0.928704
M_jj_AK8_M7_m210p0:  0.886011
M_jj_AK8_M7_m205p0:  0.844322
M_jj_AK8_M7_m200p0:  0.803638
M_jj_AK8_M7_m195p0:  0.763958
M_jj_AK8_M7_m190p0:  0.725283
M_jj_AK8_M7_m185p0:  0.687613
M_jj_AK8_M7_m180p0:  0.650947
M_jj_AK8_M7_m175p0:  0.615285
M_jj_AK8_M7_m170p0:  0.580628
M_jj_AK8_M7_m165p0:  0.546976
M_jj_AK8_M7_m160p0:  0.514328
M_jj_AK8_M7_m155p0:  0.482685
M_jj_AK8_M7_m150p0:  0.452046
M_jj_AK8_M7_m145p0:  0.422412
M_jj_AK8_M7_m140p0:  0.393783
M_jj_AK8_M7_m135p0:  0.366158
M_jj_AK8_M7_m130p0:  0.339537
M_jj_AK8_M7_m125p0:  0.313921
M_jj_AK8_M7_m120p0:  0.289310
M_jj_AK8_M7_m115p0:  0.265703
M_jj_AK8_M7_m110p0:  0.243100
M_jj_AK8_M7_m105p0:  0.221503
M_jj_AK8_M7_m100p0:  0.200909
M_jj_AK8_M7_m95p0:  0.181321
M_jj_AK8_M7_m90p0:  0.162737
M_jj_AK8_M7_m85p0:  0.145157
M_jj_AK8_M7_m80p0:  0.128582
M_jj_AK8_M7_m75p0:  0.113012
M_jj_AK8_M7_m70p0:  0.098446
M_jj_AK8_M7_m65p0:  0.084884
M_jj_AK8_M7_m60p0:  0.072327
M_jj_AK8_M7_m55p0:  0.060775
M_jj_AK8_M7_m50p0:  0.050227
M_jj_AK8_M7_m45p0:  0.040684
M_jj_AK8_M7_m40p0:  0.032146
M_jj_AK8_M7_m35p0:  0.024611
M_jj_AK8_M7_m30p0:  0.018082
M_jj_AK8_M7_m25p0:  0.012557
M_jj_AK8_M7_m20p0:  0.008036
M_jj_AK8_M7_m15p0:  0.004520
M_jj_AK8_M7_m10p0:  0.002009
M_jj_AK8_M7_m5p0:  0.000502
M_jj_AK8_M7_0p0:  0.000000
M_jj_AK8_M7_5p0:  0.000502
M_jj_AK8_M7_10p0:  0.002009
M_jj_AK8_M7_15p0:  0.004520
M_jj_AK8_M7_20p0:  0.008036
M_jj_AK8_M7_25p0:  0.012557
M_jj_AK8_M7_30p0:  0.018082
M_jj_AK8_M7_35p0:  0.024611
M_jj_AK8_M7_40p0:  0.032146
M_jj_AK8_M7_45p0:  0.040684
M_jj_AK8_M7_50p0:  0.050227
M_jj_AK8_M7_55p0:  0.060775
M_jj_AK8_M7_60p0:  0.072327
M_jj_AK8_M7_65p0:  0.084884
M_jj_AK8_M7_70p0:  0.098446
M_jj_AK8_M7_75p0:  0.113012
M_jj_AK8_M7_80p0:  0.128582
M_jj_AK8_M7_85p0:  0.145157
M_jj_AK8_M7_90p0:  0.162737
M_jj_AK8_M7_95p0:  0.181321
M_jj_AK8_M7_100p0:  0.200909
M_jj_AK8_M7_105p0:  0.221503
M_jj_AK8_M7_110p0:  0.243100
M_jj_AK8_M7_115p0:  0.265703
M_jj_AK8_M7_120p0:  0.289310
M_jj_AK8_M7_125p0:  0.313921
M_jj_AK8_M7_130p0:  0.339537
M_jj_AK8_M7_135p0:  0.366158
M_jj_AK8_M7_140p0:  0.393783
M_jj_AK8_M7_145p0:  0.422412
M_jj_AK8_M7_150p0:  0.452046
M_jj_AK8_M7_155p0:  0.482685
M_jj_AK8_M7_160p0:  0.514328
M_jj_AK8_M7_165p0:  0.546976
M_jj_AK8_M7_170p0:  0.580628
M_jj_AK8_M7_175p0:  0.615285
M_jj_AK8_M7_180p0:  0.650947
M_jj_AK8_M7_185p0:  0.687613
M_jj_AK8_M7_190p0:  0.725283
M_jj_AK8_M7_195p0:  0.763958
M_jj_AK8_M7_200p0:  0.803638
M_jj_AK8_M7_205p0:  0.844322
M_jj_AK8_M7_210p0:  0.886011
M_jj_AK8_M7_215p0:  0.928704
M_jj_AK8_M7_220p0:  0.972402
M_jj_AK8_M7_225p0:  1.017104
M_jj_AK8_M7_230p0:  1.062811
M_jj_AK8_M7_235p0:  1.109523
M_jj_AK8_M7_240p0:  1.157238
M_jj_AK8_M7_245p0:  1.205959
M_jj_AK8_M7_250p0:  1.255684
M_jj_AK8_M7_255p0:  1.306414
M_jj_AK8_M7_260p0:  1.358148
M_jj_AK8_M7_265p0:  1.410887
M_jj_AK8_M7_270p0:  1.464630
M_jj_AK8_M7_275p0:  1.519378
M_jj_AK8_M7_280p0:  1.575130
M_jj_AK8_M7_285p0:  1.631887
M_jj_AK8_M7_290p0:  1.689648
M_jj_AK8_M7_295p0:  1.748415
M_jj_AK8_M7_300p0:  1.808185
