M_jj_AK8_S0_m900p0:  4.991835
M_jj_AK8_S0_m880p0:  4.772441
M_jj_AK8_S0_m860p0:  4.557976
M_jj_AK8_S0_m840p0:  4.348443
M_jj_AK8_S0_m820p0:  4.143839
M_jj_AK8_S0_m800p0:  3.944166
M_jj_AK8_S0_m780p0:  3.749423
M_jj_AK8_S0_m760p0:  3.559610
M_jj_AK8_S0_m740p0:  3.374728
M_jj_AK8_S0_m720p0:  3.194775
M_jj_AK8_S0_m700p0:  3.019753
M_jj_AK8_S0_m680p0:  2.849660
M_jj_AK8_S0_m660p0:  2.684498
M_jj_AK8_S0_m640p0:  2.524266
M_jj_AK8_S0_m620p0:  2.368965
M_jj_AK8_S0_m600p0:  2.218594
M_jj_AK8_S0_m580p0:  2.073152
M_jj_AK8_S0_m560p0:  1.932642
M_jj_AK8_S0_m540p0:  1.797061
M_jj_AK8_S0_m520p0:  1.666410
M_jj_AK8_S0_m500p0:  1.540690
M_jj_AK8_S0_m480p0:  1.419900
M_jj_AK8_S0_m460p0:  1.304040
M_jj_AK8_S0_m440p0:  1.193110
M_jj_AK8_S0_m420p0:  1.087111
M_jj_AK8_S0_m400p0:  0.986042
M_jj_AK8_S0_m380p0:  0.889902
M_jj_AK8_S0_m360p0:  0.798694
M_jj_AK8_S0_m340p0:  0.712415
M_jj_AK8_S0_m320p0:  0.631067
M_jj_AK8_S0_m300p0:  0.554648
M_jj_AK8_S0_m280p0:  0.483160
M_jj_AK8_S0_m260p0:  0.416603
M_jj_AK8_S0_m240p0:  0.354975
M_jj_AK8_S0_m220p0:  0.298278
M_jj_AK8_S0_m200p0:  0.246510
M_jj_AK8_S0_m180p0:  0.199673
M_jj_AK8_S0_m160p0:  0.157767
M_jj_AK8_S0_m140p0:  0.120790
M_jj_AK8_S0_m120p0:  0.088744
M_jj_AK8_S0_m100p0:  0.061628
M_jj_AK8_S0_m80p0:  0.039442
M_jj_AK8_S0_m60p0:  0.022186
M_jj_AK8_S0_m40p0:  0.009860
M_jj_AK8_S0_m20p0:  0.002465
M_jj_AK8_S0_0p0:  0.000000
M_jj_AK8_S0_20p0:  0.002465
M_jj_AK8_S0_40p0:  0.009860
M_jj_AK8_S0_60p0:  0.022186
M_jj_AK8_S0_80p0:  0.039442
M_jj_AK8_S0_100p0:  0.061628
M_jj_AK8_S0_120p0:  0.088744
M_jj_AK8_S0_140p0:  0.120790
M_jj_AK8_S0_160p0:  0.157767
M_jj_AK8_S0_180p0:  0.199673
M_jj_AK8_S0_200p0:  0.246510
M_jj_AK8_S0_220p0:  0.298278
M_jj_AK8_S0_240p0:  0.354975
M_jj_AK8_S0_260p0:  0.416603
M_jj_AK8_S0_280p0:  0.483160
M_jj_AK8_S0_300p0:  0.554648
M_jj_AK8_S0_320p0:  0.631067
M_jj_AK8_S0_340p0:  0.712415
M_jj_AK8_S0_360p0:  0.798694
M_jj_AK8_S0_380p0:  0.889902
M_jj_AK8_S0_400p0:  0.986042
M_jj_AK8_S0_420p0:  1.087111
M_jj_AK8_S0_440p0:  1.193110
M_jj_AK8_S0_460p0:  1.304040
M_jj_AK8_S0_480p0:  1.419900
M_jj_AK8_S0_500p0:  1.540690
M_jj_AK8_S0_520p0:  1.666410
M_jj_AK8_S0_540p0:  1.797061
M_jj_AK8_S0_560p0:  1.932642
M_jj_AK8_S0_580p0:  2.073152
M_jj_AK8_S0_600p0:  2.218594
M_jj_AK8_S0_620p0:  2.368965
M_jj_AK8_S0_640p0:  2.524266
M_jj_AK8_S0_660p0:  2.684498
M_jj_AK8_S0_680p0:  2.849660
M_jj_AK8_S0_700p0:  3.019753
M_jj_AK8_S0_720p0:  3.194775
M_jj_AK8_S0_740p0:  3.374728
M_jj_AK8_S0_760p0:  3.559610
M_jj_AK8_S0_780p0:  3.749423
M_jj_AK8_S0_800p0:  3.944166
M_jj_AK8_S0_820p0:  4.143839
M_jj_AK8_S0_840p0:  4.348443
M_jj_AK8_S0_860p0:  4.557976
M_jj_AK8_S0_880p0:  4.772441
M_jj_AK8_S0_900p0:  4.991835
