M_jj_AK8_S1_m330p0:  0.053896
M_jj_AK8_S1_m320p0:  0.050679
M_jj_AK8_S1_m310p0:  0.047561
M_jj_AK8_S1_m300p0:  0.044542
M_jj_AK8_S1_m290p0:  0.041622
M_jj_AK8_S1_m280p0:  0.038801
M_jj_AK8_S1_m270p0:  0.036079
M_jj_AK8_S1_m260p0:  0.033456
M_jj_AK8_S1_m250p0:  0.030932
M_jj_AK8_S1_m240p0:  0.028507
M_jj_AK8_S1_m230p0:  0.026181
M_jj_AK8_S1_m220p0:  0.023954
M_jj_AK8_S1_m210p0:  0.021826
M_jj_AK8_S1_m200p0:  0.019797
M_jj_AK8_S1_m190p0:  0.017866
M_jj_AK8_S1_m180p0:  0.016035
M_jj_AK8_S1_m170p0:  0.014303
M_jj_AK8_S1_m160p0:  0.012670
M_jj_AK8_S1_m150p0:  0.011136
M_jj_AK8_S1_m140p0:  0.009700
M_jj_AK8_S1_m130p0:  0.008364
M_jj_AK8_S1_m120p0:  0.007127
M_jj_AK8_S1_m110p0:  0.005988
M_jj_AK8_S1_m100p0:  0.004949
M_jj_AK8_S1_m90p0:  0.004009
M_jj_AK8_S1_m80p0:  0.003167
M_jj_AK8_S1_m70p0:  0.002425
M_jj_AK8_S1_m60p0:  0.001782
M_jj_AK8_S1_m50p0:  0.001237
M_jj_AK8_S1_m40p0:  0.000792
M_jj_AK8_S1_m30p0:  0.000445
M_jj_AK8_S1_m20p0:  0.000198
M_jj_AK8_S1_m10p0:  0.000049
M_jj_AK8_S1_0p0:  0.000000
M_jj_AK8_S1_10p0:  0.000049
M_jj_AK8_S1_20p0:  0.000198
M_jj_AK8_S1_30p0:  0.000445
M_jj_AK8_S1_40p0:  0.000792
M_jj_AK8_S1_50p0:  0.001237
M_jj_AK8_S1_60p0:  0.001782
M_jj_AK8_S1_70p0:  0.002425
M_jj_AK8_S1_80p0:  0.003167
M_jj_AK8_S1_90p0:  0.004009
M_jj_AK8_S1_100p0:  0.004949
M_jj_AK8_S1_110p0:  0.005988
M_jj_AK8_S1_120p0:  0.007127
M_jj_AK8_S1_130p0:  0.008364
M_jj_AK8_S1_140p0:  0.009700
M_jj_AK8_S1_150p0:  0.011136
M_jj_AK8_S1_160p0:  0.012670
M_jj_AK8_S1_170p0:  0.014303
M_jj_AK8_S1_180p0:  0.016035
M_jj_AK8_S1_190p0:  0.017866
M_jj_AK8_S1_200p0:  0.019797
M_jj_AK8_S1_210p0:  0.021826
M_jj_AK8_S1_220p0:  0.023954
M_jj_AK8_S1_230p0:  0.026181
M_jj_AK8_S1_240p0:  0.028507
M_jj_AK8_S1_250p0:  0.030932
M_jj_AK8_S1_260p0:  0.033456
M_jj_AK8_S1_270p0:  0.036079
M_jj_AK8_S1_280p0:  0.038801
M_jj_AK8_S1_290p0:  0.041622
M_jj_AK8_S1_300p0:  0.044542
M_jj_AK8_S1_310p0:  0.047561
M_jj_AK8_S1_320p0:  0.050679
M_jj_AK8_S1_330p0:  0.053896
