M_jj_AK8_T0_m6p8:  1.207865
M_jj_AK8_T0_m6p6:  1.137859
M_jj_AK8_T0_m6p4:  1.069943
M_jj_AK8_T0_m6p2:  1.004116
M_jj_AK8_T0_m6p0:  0.940379
M_jj_AK8_T0_m5p8:  0.878733
M_jj_AK8_T0_m5p6:  0.819175
M_jj_AK8_T0_m5p4:  0.761707
M_jj_AK8_T0_m5p2:  0.706329
M_jj_AK8_T0_m5p0:  0.653041
M_jj_AK8_T0_m4p8:  0.601843
M_jj_AK8_T0_m4p6:  0.552734
M_jj_AK8_T0_m4p4:  0.505715
M_jj_AK8_T0_m4p2:  0.460786
M_jj_AK8_T0_m4p0:  0.417946
M_jj_AK8_T0_m3p8:  0.377197
M_jj_AK8_T0_m3p6:  0.338537
M_jj_AK8_T0_m3p4:  0.301966
M_jj_AK8_T0_m3p2:  0.267486
M_jj_AK8_T0_m3p0:  0.235095
M_jj_AK8_T0_m2p8:  0.204794
M_jj_AK8_T0_m2p6:  0.176582
M_jj_AK8_T0_m2p4:  0.150461
M_jj_AK8_T0_m2p2:  0.126429
M_jj_AK8_T0_m2p0:  0.104487
M_jj_AK8_T0_m1p8:  0.084634
M_jj_AK8_T0_m1p6:  0.066871
M_jj_AK8_T0_m1p4:  0.051198
M_jj_AK8_T0_m1p2:  0.037615
M_jj_AK8_T0_m1p0:  0.026122
M_jj_AK8_T0_m0p8:  0.016718
M_jj_AK8_T0_m0p6:  0.009404
M_jj_AK8_T0_m0p4:  0.004179
M_jj_AK8_T0_m0p2:  0.001045
M_jj_AK8_T0_0p0:  0.000000
M_jj_AK8_T0_0p2:  0.001045
M_jj_AK8_T0_0p4:  0.004179
M_jj_AK8_T0_0p6:  0.009404
M_jj_AK8_T0_0p8:  0.016718
M_jj_AK8_T0_1p0:  0.026122
M_jj_AK8_T0_1p2:  0.037615
M_jj_AK8_T0_1p4:  0.051198
M_jj_AK8_T0_1p6:  0.066871
M_jj_AK8_T0_1p8:  0.084634
M_jj_AK8_T0_2p0:  0.104487
M_jj_AK8_T0_2p2:  0.126429
M_jj_AK8_T0_2p4:  0.150461
M_jj_AK8_T0_2p6:  0.176582
M_jj_AK8_T0_2p8:  0.204794
M_jj_AK8_T0_3p0:  0.235095
M_jj_AK8_T0_3p2:  0.267486
M_jj_AK8_T0_3p4:  0.301966
M_jj_AK8_T0_3p6:  0.338537
M_jj_AK8_T0_3p8:  0.377197
M_jj_AK8_T0_4p0:  0.417946
M_jj_AK8_T0_4p2:  0.460786
M_jj_AK8_T0_4p4:  0.505715
M_jj_AK8_T0_4p6:  0.552734
M_jj_AK8_T0_4p8:  0.601843
M_jj_AK8_T0_5p0:  0.653041
M_jj_AK8_T0_5p2:  0.706329
M_jj_AK8_T0_5p4:  0.761707
M_jj_AK8_T0_5p6:  0.819175
M_jj_AK8_T0_5p8:  0.878733
M_jj_AK8_T0_6p0:  0.940379
M_jj_AK8_T0_6p2:  1.004116
M_jj_AK8_T0_6p4:  1.069943
M_jj_AK8_T0_6p6:  1.137859
M_jj_AK8_T0_6p8:  1.207865
