M_jj_AK8_T1_m12p5:  24.355133
M_jj_AK8_T1_m12p0:  22.445693
M_jj_AK8_T1_m11p5:  20.614186
M_jj_AK8_T1_m11p0:  18.860616
M_jj_AK8_T1_m10p5:  17.184984
M_jj_AK8_T1_m10p0:  15.587286
M_jj_AK8_T1_m9p5:  14.067525
M_jj_AK8_T1_m9p0:  12.625701
M_jj_AK8_T1_m8p5:  11.261815
M_jj_AK8_T1_m8p0:  9.975863
M_jj_AK8_T1_m7p5:  8.767849
M_jj_AK8_T1_m7p0:  7.637770
M_jj_AK8_T1_m6p5:  6.585628
M_jj_AK8_T1_m6p0:  5.611423
M_jj_AK8_T1_m5p5:  4.715154
M_jj_AK8_T1_m5p0:  3.896822
M_jj_AK8_T1_m4p5:  3.156425
M_jj_AK8_T1_m4p0:  2.493966
M_jj_AK8_T1_m3p5:  1.909442
M_jj_AK8_T1_m3p0:  1.402856
M_jj_AK8_T1_m2p5:  0.974205
M_jj_AK8_T1_m2p0:  0.623491
M_jj_AK8_T1_m1p5:  0.350714
M_jj_AK8_T1_m1p0:  0.155873
M_jj_AK8_T1_m0p5:  0.038968
M_jj_AK8_T1_0p0:  0.000000
M_jj_AK8_T1_0p5:  0.038968
M_jj_AK8_T1_1p0:  0.155873
M_jj_AK8_T1_1p5:  0.350714
M_jj_AK8_T1_2p0:  0.623491
M_jj_AK8_T1_2p5:  0.974205
M_jj_AK8_T1_3p0:  1.402856
M_jj_AK8_T1_3p5:  1.909442
M_jj_AK8_T1_4p0:  2.493966
M_jj_AK8_T1_4p5:  3.156425
M_jj_AK8_T1_5p0:  3.896822
M_jj_AK8_T1_5p5:  4.715154
M_jj_AK8_T1_6p0:  5.611423
M_jj_AK8_T1_6p5:  6.585628
M_jj_AK8_T1_7p0:  7.637770
M_jj_AK8_T1_7p5:  8.767849
M_jj_AK8_T1_8p0:  9.975863
M_jj_AK8_T1_8p5:  11.261815
M_jj_AK8_T1_9p0:  12.625701
M_jj_AK8_T1_9p5:  14.067525
M_jj_AK8_T1_10p0:  15.587286
M_jj_AK8_T1_10p5:  17.184984
M_jj_AK8_T1_11p0:  18.860616
M_jj_AK8_T1_11p5:  20.614186
M_jj_AK8_T1_12p0:  22.445693
M_jj_AK8_T1_12p5:  24.355133
