M_jj_AK8_T2_m20p5:  7.135390
M_jj_AK8_T2_m20p0:  6.791567
M_jj_AK8_T2_m19p5:  6.456232
M_jj_AK8_T2_m19p0:  6.129389
M_jj_AK8_T2_m18p5:  5.811035
M_jj_AK8_T2_m18p0:  5.501170
M_jj_AK8_T2_m17p5:  5.199793
M_jj_AK8_T2_m17p0:  4.906907
M_jj_AK8_T2_m16p5:  4.622510
M_jj_AK8_T2_m16p0:  4.346602
M_jj_AK8_T2_m15p5:  4.079185
M_jj_AK8_T2_m15p0:  3.820256
M_jj_AK8_T2_m14p5:  3.569817
M_jj_AK8_T2_m14p0:  3.327867
M_jj_AK8_T2_m13p5:  3.094408
M_jj_AK8_T2_m13p0:  2.869437
M_jj_AK8_T2_m12p5:  2.652956
M_jj_AK8_T2_m12p0:  2.444964
M_jj_AK8_T2_m11p5:  2.245462
M_jj_AK8_T2_m11p0:  2.054449
M_jj_AK8_T2_m10p5:  1.871926
M_jj_AK8_T2_m10p0:  1.697892
M_jj_AK8_T2_m9p5:  1.532347
M_jj_AK8_T2_m9p0:  1.375292
M_jj_AK8_T2_m8p5:  1.226727
M_jj_AK8_T2_m8p0:  1.086651
M_jj_AK8_T2_m7p5:  0.955064
M_jj_AK8_T2_m7p0:  0.831967
M_jj_AK8_T2_m6p5:  0.717359
M_jj_AK8_T2_m6p0:  0.611241
M_jj_AK8_T2_m5p5:  0.513612
M_jj_AK8_T2_m5p0:  0.424473
M_jj_AK8_T2_m4p5:  0.343823
M_jj_AK8_T2_m4p0:  0.271663
M_jj_AK8_T2_m3p5:  0.207992
M_jj_AK8_T2_m3p0:  0.152810
M_jj_AK8_T2_m2p5:  0.106118
M_jj_AK8_T2_m2p0:  0.067916
M_jj_AK8_T2_m1p5:  0.038203
M_jj_AK8_T2_m1p0:  0.016979
M_jj_AK8_T2_m0p5:  0.004245
M_jj_AK8_T2_0p0:  0.000000
M_jj_AK8_T2_0p5:  0.004245
M_jj_AK8_T2_1p0:  0.016979
M_jj_AK8_T2_1p5:  0.038203
M_jj_AK8_T2_2p0:  0.067916
M_jj_AK8_T2_2p5:  0.106118
M_jj_AK8_T2_3p0:  0.152810
M_jj_AK8_T2_3p5:  0.207992
M_jj_AK8_T2_4p0:  0.271663
M_jj_AK8_T2_4p5:  0.343823
M_jj_AK8_T2_5p0:  0.424473
M_jj_AK8_T2_5p5:  0.513612
M_jj_AK8_T2_6p0:  0.611241
M_jj_AK8_T2_6p5:  0.717359
M_jj_AK8_T2_7p0:  0.831967
M_jj_AK8_T2_7p5:  0.955064
M_jj_AK8_T2_8p0:  1.086651
M_jj_AK8_T2_8p5:  1.226727
M_jj_AK8_T2_9p0:  1.375292
M_jj_AK8_T2_9p5:  1.532347
M_jj_AK8_T2_10p0:  1.697892
M_jj_AK8_T2_10p5:  1.871926
M_jj_AK8_T2_11p0:  2.054449
M_jj_AK8_T2_11p5:  2.245462
M_jj_AK8_T2_12p0:  2.444964
M_jj_AK8_T2_12p5:  2.652956
M_jj_AK8_T2_13p0:  2.869437
M_jj_AK8_T2_13p5:  3.094408
M_jj_AK8_T2_14p0:  3.327867
M_jj_AK8_T2_14p5:  3.569817
M_jj_AK8_T2_15p0:  3.820256
M_jj_AK8_T2_15p5:  4.079185
M_jj_AK8_T2_16p0:  4.346602
M_jj_AK8_T2_16p5:  4.622510
M_jj_AK8_T2_17p0:  4.906907
M_jj_AK8_T2_17p5:  5.199793
M_jj_AK8_T2_18p0:  5.501170
M_jj_AK8_T2_18p5:  5.811035
M_jj_AK8_T2_19p0:  6.129389
M_jj_AK8_T2_19p5:  6.456232
M_jj_AK8_T2_20p0:  6.791567
M_jj_AK8_T2_20p5:  7.135390
