M_jj_AK8_M0_m42p0:  0.101916
M_jj_AK8_M0_m41p0:  0.097120
M_jj_AK8_M0_m40p0:  0.092441
M_jj_AK8_M0_m39p0:  0.087876
M_jj_AK8_M0_m38p0:  0.083428
M_jj_AK8_M0_m37p0:  0.079094
M_jj_AK8_M0_m36p0:  0.074877
M_jj_AK8_M0_m35p0:  0.070775
M_jj_AK8_M0_m34p0:  0.066788
M_jj_AK8_M0_m33p0:  0.062917
M_jj_AK8_M0_m32p0:  0.059162
M_jj_AK8_M0_m31p0:  0.055522
M_jj_AK8_M0_m30p0:  0.051998
M_jj_AK8_M0_m29p0:  0.048589
M_jj_AK8_M0_m28p0:  0.045296
M_jj_AK8_M0_m27p0:  0.042118
M_jj_AK8_M0_m26p0:  0.039056
M_jj_AK8_M0_m25p0:  0.036110
M_jj_AK8_M0_m24p0:  0.033279
M_jj_AK8_M0_m23p0:  0.030563
M_jj_AK8_M0_m22p0:  0.027963
M_jj_AK8_M0_m21p0:  0.025479
M_jj_AK8_M0_m20p0:  0.023110
M_jj_AK8_M0_m19p0:  0.020857
M_jj_AK8_M0_m18p0:  0.018719
M_jj_AK8_M0_m17p0:  0.016697
M_jj_AK8_M0_m16p0:  0.014790
M_jj_AK8_M0_m15p0:  0.012999
M_jj_AK8_M0_m14p0:  0.011324
M_jj_AK8_M0_m13p0:  0.009764
M_jj_AK8_M0_m12p0:  0.008320
M_jj_AK8_M0_m11p0:  0.006991
M_jj_AK8_M0_m10p0:  0.005778
M_jj_AK8_M0_m9p0:  0.004680
M_jj_AK8_M0_m8p0:  0.003698
M_jj_AK8_M0_m7p0:  0.002831
M_jj_AK8_M0_m6p0:  0.002080
M_jj_AK8_M0_m5p0:  0.001444
M_jj_AK8_M0_m4p0:  0.000924
M_jj_AK8_M0_m3p0:  0.000520
M_jj_AK8_M0_m2p0:  0.000231
M_jj_AK8_M0_m1p0:  0.000058
M_jj_AK8_M0_0p0:  0.000000
M_jj_AK8_M0_1p0:  0.000058
M_jj_AK8_M0_2p0:  0.000231
M_jj_AK8_M0_3p0:  0.000520
M_jj_AK8_M0_4p0:  0.000924
M_jj_AK8_M0_5p0:  0.001444
M_jj_AK8_M0_6p0:  0.002080
M_jj_AK8_M0_7p0:  0.002831
M_jj_AK8_M0_8p0:  0.003698
M_jj_AK8_M0_9p0:  0.004680
M_jj_AK8_M0_10p0:  0.005778
M_jj_AK8_M0_11p0:  0.006991
M_jj_AK8_M0_12p0:  0.008320
M_jj_AK8_M0_13p0:  0.009764
M_jj_AK8_M0_14p0:  0.011324
M_jj_AK8_M0_15p0:  0.012999
M_jj_AK8_M0_16p0:  0.014790
M_jj_AK8_M0_17p0:  0.016697
M_jj_AK8_M0_18p0:  0.018719
M_jj_AK8_M0_19p0:  0.020857
M_jj_AK8_M0_20p0:  0.023110
M_jj_AK8_M0_21p0:  0.025479
M_jj_AK8_M0_22p0:  0.027963
M_jj_AK8_M0_23p0:  0.030563
M_jj_AK8_M0_24p0:  0.033279
M_jj_AK8_M0_25p0:  0.036110
M_jj_AK8_M0_26p0:  0.039056
M_jj_AK8_M0_27p0:  0.042118
M_jj_AK8_M0_28p0:  0.045296
M_jj_AK8_M0_29p0:  0.048589
M_jj_AK8_M0_30p0:  0.051998
M_jj_AK8_M0_31p0:  0.055522
M_jj_AK8_M0_32p0:  0.059162
M_jj_AK8_M0_33p0:  0.062917
M_jj_AK8_M0_34p0:  0.066788
M_jj_AK8_M0_35p0:  0.070775
M_jj_AK8_M0_36p0:  0.074877
M_jj_AK8_M0_37p0:  0.079094
M_jj_AK8_M0_38p0:  0.083428
M_jj_AK8_M0_39p0:  0.087876
M_jj_AK8_M0_40p0:  0.092441
M_jj_AK8_M0_41p0:  0.097120
M_jj_AK8_M0_42p0:  0.101916
