M_jj_AK8_M1_m165p0:  1.262680
M_jj_AK8_M1_m160p0:  1.187314
M_jj_AK8_M1_m155p0:  1.114266
M_jj_AK8_M1_m150p0:  1.043537
M_jj_AK8_M1_m145p0:  0.975127
M_jj_AK8_M1_m140p0:  0.909037
M_jj_AK8_M1_m135p0:  0.845265
M_jj_AK8_M1_m130p0:  0.783812
M_jj_AK8_M1_m125p0:  0.724679
M_jj_AK8_M1_m120p0:  0.667864
M_jj_AK8_M1_m115p0:  0.613368
M_jj_AK8_M1_m110p0:  0.561191
M_jj_AK8_M1_m105p0:  0.511333
M_jj_AK8_M1_m100p0:  0.463794
M_jj_AK8_M1_m95p0:  0.418574
M_jj_AK8_M1_m90p0:  0.375673
M_jj_AK8_M1_m85p0:  0.335091
M_jj_AK8_M1_m80p0:  0.296828
M_jj_AK8_M1_m75p0:  0.260884
M_jj_AK8_M1_m70p0:  0.227259
M_jj_AK8_M1_m65p0:  0.195953
M_jj_AK8_M1_m60p0:  0.166966
M_jj_AK8_M1_m55p0:  0.140298
M_jj_AK8_M1_m50p0:  0.115949
M_jj_AK8_M1_m45p0:  0.093918
M_jj_AK8_M1_m40p0:  0.074207
M_jj_AK8_M1_m35p0:  0.056815
M_jj_AK8_M1_m30p0:  0.041741
M_jj_AK8_M1_m25p0:  0.028987
M_jj_AK8_M1_m20p0:  0.018552
M_jj_AK8_M1_m15p0:  0.010435
M_jj_AK8_M1_m10p0:  0.004638
M_jj_AK8_M1_m5p0:  0.001159
M_jj_AK8_M1_0p0:  0.000000
M_jj_AK8_M1_5p0:  0.001159
M_jj_AK8_M1_10p0:  0.004638
M_jj_AK8_M1_15p0:  0.010435
M_jj_AK8_M1_20p0:  0.018552
M_jj_AK8_M1_25p0:  0.028987
M_jj_AK8_M1_30p0:  0.041741
M_jj_AK8_M1_35p0:  0.056815
M_jj_AK8_M1_40p0:  0.074207
M_jj_AK8_M1_45p0:  0.093918
M_jj_AK8_M1_50p0:  0.115949
M_jj_AK8_M1_55p0:  0.140298
M_jj_AK8_M1_60p0:  0.166966
M_jj_AK8_M1_65p0:  0.195953
M_jj_AK8_M1_70p0:  0.227259
M_jj_AK8_M1_75p0:  0.260884
M_jj_AK8_M1_80p0:  0.296828
M_jj_AK8_M1_85p0:  0.335091
M_jj_AK8_M1_90p0:  0.375673
M_jj_AK8_M1_95p0:  0.418574
M_jj_AK8_M1_100p0:  0.463794
M_jj_AK8_M1_105p0:  0.511333
M_jj_AK8_M1_110p0:  0.561191
M_jj_AK8_M1_115p0:  0.613368
M_jj_AK8_M1_120p0:  0.667864
M_jj_AK8_M1_125p0:  0.724679
M_jj_AK8_M1_130p0:  0.783812
M_jj_AK8_M1_135p0:  0.845265
M_jj_AK8_M1_140p0:  0.909037
M_jj_AK8_M1_145p0:  0.975127
M_jj_AK8_M1_150p0:  1.043537
M_jj_AK8_M1_155p0:  1.114266
M_jj_AK8_M1_160p0:  1.187314
M_jj_AK8_M1_165p0:  1.262680
