M_jj_AK8_M6_m84p0:  0.101916
M_jj_AK8_M6_m82p0:  0.097120
M_jj_AK8_M6_m80p0:  0.092441
M_jj_AK8_M6_m78p0:  0.087876
M_jj_AK8_M6_m76p0:  0.083428
M_jj_AK8_M6_m74p0:  0.079094
M_jj_AK8_M6_m72p0:  0.074877
M_jj_AK8_M6_m70p0:  0.070775
M_jj_AK8_M6_m68p0:  0.066788
M_jj_AK8_M6_m66p0:  0.062917
M_jj_AK8_M6_m64p0:  0.059162
M_jj_AK8_M6_m62p0:  0.055522
M_jj_AK8_M6_m60p0:  0.051998
M_jj_AK8_M6_m58p0:  0.048589
M_jj_AK8_M6_m56p0:  0.045296
M_jj_AK8_M6_m54p0:  0.042118
M_jj_AK8_M6_m52p0:  0.039056
M_jj_AK8_M6_m50p0:  0.036110
M_jj_AK8_M6_m48p0:  0.033279
M_jj_AK8_M6_m46p0:  0.030563
M_jj_AK8_M6_m44p0:  0.027963
M_jj_AK8_M6_m42p0:  0.025479
M_jj_AK8_M6_m40p0:  0.023110
M_jj_AK8_M6_m38p0:  0.020857
M_jj_AK8_M6_m36p0:  0.018719
M_jj_AK8_M6_m34p0:  0.016697
M_jj_AK8_M6_m32p0:  0.014790
M_jj_AK8_M6_m30p0:  0.012999
M_jj_AK8_M6_m28p0:  0.011324
M_jj_AK8_M6_m26p0:  0.009764
M_jj_AK8_M6_m24p0:  0.008320
M_jj_AK8_M6_m22p0:  0.006991
M_jj_AK8_M6_m20p0:  0.005778
M_jj_AK8_M6_m18p0:  0.004680
M_jj_AK8_M6_m16p0:  0.003698
M_jj_AK8_M6_m14p0:  0.002831
M_jj_AK8_M6_m12p0:  0.002080
M_jj_AK8_M6_m10p0:  0.001444
M_jj_AK8_M6_m8p0:  0.000924
M_jj_AK8_M6_m6p0:  0.000520
M_jj_AK8_M6_m4p0:  0.000231
M_jj_AK8_M6_m2p0:  0.000058
M_jj_AK8_M6_0p0:  0.000000
M_jj_AK8_M6_2p0:  0.000058
M_jj_AK8_M6_4p0:  0.000231
M_jj_AK8_M6_6p0:  0.000520
M_jj_AK8_M6_8p0:  0.000924
M_jj_AK8_M6_10p0:  0.001444
M_jj_AK8_M6_12p0:  0.002080
M_jj_AK8_M6_14p0:  0.002831
M_jj_AK8_M6_16p0:  0.003698
M_jj_AK8_M6_18p0:  0.004680
M_jj_AK8_M6_20p0:  0.005778
M_jj_AK8_M6_22p0:  0.006991
M_jj_AK8_M6_24p0:  0.008320
M_jj_AK8_M6_26p0:  0.009764
M_jj_AK8_M6_28p0:  0.011324
M_jj_AK8_M6_30p0:  0.012999
M_jj_AK8_M6_32p0:  0.014790
M_jj_AK8_M6_34p0:  0.016697
M_jj_AK8_M6_36p0:  0.018719
M_jj_AK8_M6_38p0:  0.020857
M_jj_AK8_M6_40p0:  0.023110
M_jj_AK8_M6_42p0:  0.025479
M_jj_AK8_M6_44p0:  0.027963
M_jj_AK8_M6_46p0:  0.030563
M_jj_AK8_M6_48p0:  0.033279
M_jj_AK8_M6_50p0:  0.036110
M_jj_AK8_M6_52p0:  0.039056
M_jj_AK8_M6_54p0:  0.042118
M_jj_AK8_M6_56p0:  0.045296
M_jj_AK8_M6_58p0:  0.048589
M_jj_AK8_M6_60p0:  0.051998
M_jj_AK8_M6_62p0:  0.055522
M_jj_AK8_M6_64p0:  0.059162
M_jj_AK8_M6_66p0:  0.062917
M_jj_AK8_M6_68p0:  0.066788
M_jj_AK8_M6_70p0:  0.070775
M_jj_AK8_M6_72p0:  0.074877
M_jj_AK8_M6_74p0:  0.079094
M_jj_AK8_M6_76p0:  0.083428
M_jj_AK8_M6_78p0:  0.087876
M_jj_AK8_M6_80p0:  0.092441
M_jj_AK8_M6_82p0:  0.097120
M_jj_AK8_M6_84p0:  0.101916
