M_jj_AK8_M7_m300p0:  2.177080
M_jj_AK8_M7_m295p0:  2.105115
M_jj_AK8_M7_m290p0:  2.034360
M_jj_AK8_M7_m285p0:  1.964815
M_jj_AK8_M7_m280p0:  1.896478
M_jj_AK8_M7_m275p0:  1.829352
M_jj_AK8_M7_m270p0:  1.763435
M_jj_AK8_M7_m265p0:  1.698727
M_jj_AK8_M7_m260p0:  1.635229
M_jj_AK8_M7_m255p0:  1.572940
M_jj_AK8_M7_m250p0:  1.511861
M_jj_AK8_M7_m245p0:  1.451992
M_jj_AK8_M7_m240p0:  1.393331
M_jj_AK8_M7_m235p0:  1.335881
M_jj_AK8_M7_m230p0:  1.279639
M_jj_AK8_M7_m225p0:  1.224607
M_jj_AK8_M7_m220p0:  1.170785
M_jj_AK8_M7_m215p0:  1.118172
M_jj_AK8_M7_m210p0:  1.066769
M_jj_AK8_M7_m205p0:  1.016575
M_jj_AK8_M7_m200p0:  0.967591
M_jj_AK8_M7_m195p0:  0.919816
M_jj_AK8_M7_m190p0:  0.873251
M_jj_AK8_M7_m185p0:  0.827895
M_jj_AK8_M7_m180p0:  0.783749
M_jj_AK8_M7_m175p0:  0.740812
M_jj_AK8_M7_m170p0:  0.699084
M_jj_AK8_M7_m165p0:  0.658567
M_jj_AK8_M7_m160p0:  0.619258
M_jj_AK8_M7_m155p0:  0.581159
M_jj_AK8_M7_m150p0:  0.544270
M_jj_AK8_M7_m145p0:  0.508590
M_jj_AK8_M7_m140p0:  0.474120
M_jj_AK8_M7_m135p0:  0.440859
M_jj_AK8_M7_m130p0:  0.408807
M_jj_AK8_M7_m125p0:  0.377965
M_jj_AK8_M7_m120p0:  0.348333
M_jj_AK8_M7_m115p0:  0.319910
M_jj_AK8_M7_m110p0:  0.292696
M_jj_AK8_M7_m105p0:  0.266692
M_jj_AK8_M7_m100p0:  0.241898
M_jj_AK8_M7_m95p0:  0.218313
M_jj_AK8_M7_m90p0:  0.195937
M_jj_AK8_M7_m85p0:  0.174771
M_jj_AK8_M7_m80p0:  0.154815
M_jj_AK8_M7_m75p0:  0.136068
M_jj_AK8_M7_m70p0:  0.118530
M_jj_AK8_M7_m65p0:  0.102202
M_jj_AK8_M7_m60p0:  0.087083
M_jj_AK8_M7_m55p0:  0.073174
M_jj_AK8_M7_m50p0:  0.060474
M_jj_AK8_M7_m45p0:  0.048984
M_jj_AK8_M7_m40p0:  0.038704
M_jj_AK8_M7_m35p0:  0.029632
M_jj_AK8_M7_m30p0:  0.021771
M_jj_AK8_M7_m25p0:  0.015119
M_jj_AK8_M7_m20p0:  0.009676
M_jj_AK8_M7_m15p0:  0.005443
M_jj_AK8_M7_m10p0:  0.002419
M_jj_AK8_M7_m5p0:  0.000605
M_jj_AK8_M7_0p0:  0.000000
M_jj_AK8_M7_5p0:  0.000605
M_jj_AK8_M7_10p0:  0.002419
M_jj_AK8_M7_15p0:  0.005443
M_jj_AK8_M7_20p0:  0.009676
M_jj_AK8_M7_25p0:  0.015119
M_jj_AK8_M7_30p0:  0.021771
M_jj_AK8_M7_35p0:  0.029632
M_jj_AK8_M7_40p0:  0.038704
M_jj_AK8_M7_45p0:  0.048984
M_jj_AK8_M7_50p0:  0.060474
M_jj_AK8_M7_55p0:  0.073174
M_jj_AK8_M7_60p0:  0.087083
M_jj_AK8_M7_65p0:  0.102202
M_jj_AK8_M7_70p0:  0.118530
M_jj_AK8_M7_75p0:  0.136068
M_jj_AK8_M7_80p0:  0.154815
M_jj_AK8_M7_85p0:  0.174771
M_jj_AK8_M7_90p0:  0.195937
M_jj_AK8_M7_95p0:  0.218313
M_jj_AK8_M7_100p0:  0.241898
M_jj_AK8_M7_105p0:  0.266692
M_jj_AK8_M7_110p0:  0.292696
M_jj_AK8_M7_115p0:  0.319910
M_jj_AK8_M7_120p0:  0.348333
M_jj_AK8_M7_125p0:  0.377965
M_jj_AK8_M7_130p0:  0.408807
M_jj_AK8_M7_135p0:  0.440859
M_jj_AK8_M7_140p0:  0.474120
M_jj_AK8_M7_145p0:  0.508590
M_jj_AK8_M7_150p0:  0.544270
M_jj_AK8_M7_155p0:  0.581159
M_jj_AK8_M7_160p0:  0.619258
M_jj_AK8_M7_165p0:  0.658567
M_jj_AK8_M7_170p0:  0.699084
M_jj_AK8_M7_175p0:  0.740812
M_jj_AK8_M7_180p0:  0.783749
M_jj_AK8_M7_185p0:  0.827895
M_jj_AK8_M7_190p0:  0.873251
M_jj_AK8_M7_195p0:  0.919816
M_jj_AK8_M7_200p0:  0.967591
M_jj_AK8_M7_205p0:  1.016575
M_jj_AK8_M7_210p0:  1.066769
M_jj_AK8_M7_215p0:  1.118172
M_jj_AK8_M7_220p0:  1.170785
M_jj_AK8_M7_225p0:  1.224607
M_jj_AK8_M7_230p0:  1.279639
M_jj_AK8_M7_235p0:  1.335881
M_jj_AK8_M7_240p0:  1.393331
M_jj_AK8_M7_245p0:  1.451992
M_jj_AK8_M7_250p0:  1.511861
M_jj_AK8_M7_255p0:  1.572940
M_jj_AK8_M7_260p0:  1.635229
M_jj_AK8_M7_265p0:  1.698727
M_jj_AK8_M7_270p0:  1.763435
M_jj_AK8_M7_275p0:  1.829352
M_jj_AK8_M7_280p0:  1.896478
M_jj_AK8_M7_285p0:  1.964815
M_jj_AK8_M7_290p0:  2.034360
M_jj_AK8_M7_295p0:  2.105115
M_jj_AK8_M7_300p0:  2.177080
