M_jj_AK8_S0_m900p0:  5.724713
M_jj_AK8_S0_m880p0:  5.473108
M_jj_AK8_S0_m860p0:  5.227157
M_jj_AK8_S0_m840p0:  4.986861
M_jj_AK8_S0_m820p0:  4.752218
M_jj_AK8_S0_m800p0:  4.523230
M_jj_AK8_S0_m780p0:  4.299895
M_jj_AK8_S0_m760p0:  4.082215
M_jj_AK8_S0_m740p0:  3.870190
M_jj_AK8_S0_m720p0:  3.663816
M_jj_AK8_S0_m700p0:  3.463098
M_jj_AK8_S0_m680p0:  3.268033
M_jj_AK8_S0_m660p0:  3.078624
M_jj_AK8_S0_m640p0:  2.894867
M_jj_AK8_S0_m620p0:  2.716765
M_jj_AK8_S0_m600p0:  2.544317
M_jj_AK8_S0_m580p0:  2.377523
M_jj_AK8_S0_m560p0:  2.216383
M_jj_AK8_S0_m540p0:  2.060896
M_jj_AK8_S0_m520p0:  1.911065
M_jj_AK8_S0_m500p0:  1.766886
M_jj_AK8_S0_m480p0:  1.628363
M_jj_AK8_S0_m460p0:  1.495493
M_jj_AK8_S0_m440p0:  1.368277
M_jj_AK8_S0_m420p0:  1.246715
M_jj_AK8_S0_m400p0:  1.130807
M_jj_AK8_S0_m380p0:  1.020554
M_jj_AK8_S0_m360p0:  0.915954
M_jj_AK8_S0_m340p0:  0.817008
M_jj_AK8_S0_m320p0:  0.723717
M_jj_AK8_S0_m300p0:  0.636079
M_jj_AK8_S0_m280p0:  0.554096
M_jj_AK8_S0_m260p0:  0.477766
M_jj_AK8_S0_m240p0:  0.407091
M_jj_AK8_S0_m220p0:  0.342069
M_jj_AK8_S0_m200p0:  0.282702
M_jj_AK8_S0_m180p0:  0.228989
M_jj_AK8_S0_m160p0:  0.180929
M_jj_AK8_S0_m140p0:  0.138524
M_jj_AK8_S0_m120p0:  0.101773
M_jj_AK8_S0_m100p0:  0.070675
M_jj_AK8_S0_m80p0:  0.045232
M_jj_AK8_S0_m60p0:  0.025443
M_jj_AK8_S0_m40p0:  0.011308
M_jj_AK8_S0_m20p0:  0.002827
M_jj_AK8_S0_0p0:  0.000000
M_jj_AK8_S0_20p0:  0.002827
M_jj_AK8_S0_40p0:  0.011308
M_jj_AK8_S0_60p0:  0.025443
M_jj_AK8_S0_80p0:  0.045232
M_jj_AK8_S0_100p0:  0.070675
M_jj_AK8_S0_120p0:  0.101773
M_jj_AK8_S0_140p0:  0.138524
M_jj_AK8_S0_160p0:  0.180929
M_jj_AK8_S0_180p0:  0.228989
M_jj_AK8_S0_200p0:  0.282702
M_jj_AK8_S0_220p0:  0.342069
M_jj_AK8_S0_240p0:  0.407091
M_jj_AK8_S0_260p0:  0.477766
M_jj_AK8_S0_280p0:  0.554096
M_jj_AK8_S0_300p0:  0.636079
M_jj_AK8_S0_320p0:  0.723717
M_jj_AK8_S0_340p0:  0.817008
M_jj_AK8_S0_360p0:  0.915954
M_jj_AK8_S0_380p0:  1.020554
M_jj_AK8_S0_400p0:  1.130807
M_jj_AK8_S0_420p0:  1.246715
M_jj_AK8_S0_440p0:  1.368277
M_jj_AK8_S0_460p0:  1.495493
M_jj_AK8_S0_480p0:  1.628363
M_jj_AK8_S0_500p0:  1.766886
M_jj_AK8_S0_520p0:  1.911065
M_jj_AK8_S0_540p0:  2.060896
M_jj_AK8_S0_560p0:  2.216383
M_jj_AK8_S0_580p0:  2.377523
M_jj_AK8_S0_600p0:  2.544317
M_jj_AK8_S0_620p0:  2.716765
M_jj_AK8_S0_640p0:  2.894867
M_jj_AK8_S0_660p0:  3.078624
M_jj_AK8_S0_680p0:  3.268033
M_jj_AK8_S0_700p0:  3.463098
M_jj_AK8_S0_720p0:  3.663816
M_jj_AK8_S0_740p0:  3.870190
M_jj_AK8_S0_760p0:  4.082215
M_jj_AK8_S0_780p0:  4.299895
M_jj_AK8_S0_800p0:  4.523230
M_jj_AK8_S0_820p0:  4.752218
M_jj_AK8_S0_840p0:  4.986861
M_jj_AK8_S0_860p0:  5.227157
M_jj_AK8_S0_880p0:  5.473108
M_jj_AK8_S0_900p0:  5.724713
