M_jj_AK8_S1_m330p0:  0.061774
M_jj_AK8_S1_m320p0:  0.058087
M_jj_AK8_S1_m310p0:  0.054513
M_jj_AK8_S1_m300p0:  0.051053
M_jj_AK8_S1_m290p0:  0.047706
M_jj_AK8_S1_m280p0:  0.044473
M_jj_AK8_S1_m270p0:  0.041353
M_jj_AK8_S1_m260p0:  0.038347
M_jj_AK8_S1_m250p0:  0.035454
M_jj_AK8_S1_m240p0:  0.032674
M_jj_AK8_S1_m230p0:  0.030008
M_jj_AK8_S1_m220p0:  0.027455
M_jj_AK8_S1_m210p0:  0.025016
M_jj_AK8_S1_m200p0:  0.022690
M_jj_AK8_S1_m190p0:  0.020478
M_jj_AK8_S1_m180p0:  0.018379
M_jj_AK8_S1_m170p0:  0.016394
M_jj_AK8_S1_m160p0:  0.014522
M_jj_AK8_S1_m150p0:  0.012763
M_jj_AK8_S1_m140p0:  0.011118
M_jj_AK8_S1_m130p0:  0.009587
M_jj_AK8_S1_m120p0:  0.008169
M_jj_AK8_S1_m110p0:  0.006864
M_jj_AK8_S1_m100p0:  0.005673
M_jj_AK8_S1_m90p0:  0.004595
M_jj_AK8_S1_m80p0:  0.003630
M_jj_AK8_S1_m70p0:  0.002780
M_jj_AK8_S1_m60p0:  0.002042
M_jj_AK8_S1_m50p0:  0.001418
M_jj_AK8_S1_m40p0:  0.000908
M_jj_AK8_S1_m30p0:  0.000511
M_jj_AK8_S1_m20p0:  0.000227
M_jj_AK8_S1_m10p0:  0.000057
M_jj_AK8_S1_0p0:  0.000000
M_jj_AK8_S1_10p0:  0.000057
M_jj_AK8_S1_20p0:  0.000227
M_jj_AK8_S1_30p0:  0.000511
M_jj_AK8_S1_40p0:  0.000908
M_jj_AK8_S1_50p0:  0.001418
M_jj_AK8_S1_60p0:  0.002042
M_jj_AK8_S1_70p0:  0.002780
M_jj_AK8_S1_80p0:  0.003630
M_jj_AK8_S1_90p0:  0.004595
M_jj_AK8_S1_100p0:  0.005673
M_jj_AK8_S1_110p0:  0.006864
M_jj_AK8_S1_120p0:  0.008169
M_jj_AK8_S1_130p0:  0.009587
M_jj_AK8_S1_140p0:  0.011118
M_jj_AK8_S1_150p0:  0.012763
M_jj_AK8_S1_160p0:  0.014522
M_jj_AK8_S1_170p0:  0.016394
M_jj_AK8_S1_180p0:  0.018379
M_jj_AK8_S1_190p0:  0.020478
M_jj_AK8_S1_200p0:  0.022690
M_jj_AK8_S1_210p0:  0.025016
M_jj_AK8_S1_220p0:  0.027455
M_jj_AK8_S1_230p0:  0.030008
M_jj_AK8_S1_240p0:  0.032674
M_jj_AK8_S1_250p0:  0.035454
M_jj_AK8_S1_260p0:  0.038347
M_jj_AK8_S1_270p0:  0.041353
M_jj_AK8_S1_280p0:  0.044473
M_jj_AK8_S1_290p0:  0.047706
M_jj_AK8_S1_300p0:  0.051053
M_jj_AK8_S1_310p0:  0.054513
M_jj_AK8_S1_320p0:  0.058087
M_jj_AK8_S1_330p0:  0.061774
