M_jj_AK8_T0_m6p8:  1.565210
M_jj_AK8_T0_m6p6:  1.474493
M_jj_AK8_T0_m6p4:  1.386483
M_jj_AK8_T0_m6p2:  1.301182
M_jj_AK8_T0_m6p0:  1.218588
M_jj_AK8_T0_m5p8:  1.138704
M_jj_AK8_T0_m5p6:  1.061526
M_jj_AK8_T0_m5p4:  0.987057
M_jj_AK8_T0_m5p2:  0.915295
M_jj_AK8_T0_m5p0:  0.846242
M_jj_AK8_T0_m4p8:  0.779897
M_jj_AK8_T0_m4p6:  0.716260
M_jj_AK8_T0_m4p4:  0.655330
M_jj_AK8_T0_m4p2:  0.597109
M_jj_AK8_T0_m4p0:  0.541595
M_jj_AK8_T0_m3p8:  0.488789
M_jj_AK8_T0_m3p6:  0.438692
M_jj_AK8_T0_m3p4:  0.391302
M_jj_AK8_T0_m3p2:  0.346621
M_jj_AK8_T0_m3p0:  0.304647
M_jj_AK8_T0_m2p8:  0.265382
M_jj_AK8_T0_m2p6:  0.228824
M_jj_AK8_T0_m2p4:  0.194974
M_jj_AK8_T0_m2p2:  0.163833
M_jj_AK8_T0_m2p0:  0.135399
M_jj_AK8_T0_m1p8:  0.109673
M_jj_AK8_T0_m1p6:  0.086655
M_jj_AK8_T0_m1p4:  0.066345
M_jj_AK8_T0_m1p2:  0.048744
M_jj_AK8_T0_m1p0:  0.033850
M_jj_AK8_T0_m0p8:  0.021664
M_jj_AK8_T0_m0p6:  0.012186
M_jj_AK8_T0_m0p4:  0.005416
M_jj_AK8_T0_m0p2:  0.001354
M_jj_AK8_T0_0p0:  0.000000
M_jj_AK8_T0_0p2:  0.001354
M_jj_AK8_T0_0p4:  0.005416
M_jj_AK8_T0_0p6:  0.012186
M_jj_AK8_T0_0p8:  0.021664
M_jj_AK8_T0_1p0:  0.033850
M_jj_AK8_T0_1p2:  0.048744
M_jj_AK8_T0_1p4:  0.066345
M_jj_AK8_T0_1p6:  0.086655
M_jj_AK8_T0_1p8:  0.109673
M_jj_AK8_T0_2p0:  0.135399
M_jj_AK8_T0_2p2:  0.163833
M_jj_AK8_T0_2p4:  0.194974
M_jj_AK8_T0_2p6:  0.228824
M_jj_AK8_T0_2p8:  0.265382
M_jj_AK8_T0_3p0:  0.304647
M_jj_AK8_T0_3p2:  0.346621
M_jj_AK8_T0_3p4:  0.391302
M_jj_AK8_T0_3p6:  0.438692
M_jj_AK8_T0_3p8:  0.488789
M_jj_AK8_T0_4p0:  0.541595
M_jj_AK8_T0_4p2:  0.597109
M_jj_AK8_T0_4p4:  0.655330
M_jj_AK8_T0_4p6:  0.716260
M_jj_AK8_T0_4p8:  0.779897
M_jj_AK8_T0_5p0:  0.846242
M_jj_AK8_T0_5p2:  0.915295
M_jj_AK8_T0_5p4:  0.987057
M_jj_AK8_T0_5p6:  1.061526
M_jj_AK8_T0_5p8:  1.138704
M_jj_AK8_T0_6p0:  1.218588
M_jj_AK8_T0_6p2:  1.301182
M_jj_AK8_T0_6p4:  1.386483
M_jj_AK8_T0_6p6:  1.474493
M_jj_AK8_T0_6p8:  1.565210
