M_jj_AK8_T1_m12p5:  33.144575
M_jj_AK8_T1_m12p0:  30.546044
M_jj_AK8_T1_m11p5:  28.053572
M_jj_AK8_T1_m11p0:  25.667161
M_jj_AK8_T1_m10p5:  23.386816
M_jj_AK8_T1_m10p0:  21.212533
M_jj_AK8_T1_m9p5:  19.144311
M_jj_AK8_T1_m9p0:  17.182149
M_jj_AK8_T1_m8p5:  15.326057
M_jj_AK8_T1_m8p0:  13.576020
M_jj_AK8_T1_m7p5:  11.932050
M_jj_AK8_T1_m7p0:  10.394140
M_jj_AK8_T1_m6p5:  8.962293
M_jj_AK8_T1_m6p0:  7.636511
M_jj_AK8_T1_m5p5:  6.416790
M_jj_AK8_T1_m5p0:  5.303133
M_jj_AK8_T1_m4p5:  4.295537
M_jj_AK8_T1_m4p0:  3.394005
M_jj_AK8_T1_m3p5:  2.598535
M_jj_AK8_T1_m3p0:  1.909128
M_jj_AK8_T1_m2p5:  1.325783
M_jj_AK8_T1_m2p0:  0.848501
M_jj_AK8_T1_m1p5:  0.477282
M_jj_AK8_T1_m1p0:  0.212125
M_jj_AK8_T1_m0p5:  0.053031
M_jj_AK8_T1_0p0:  0.000000
M_jj_AK8_T1_0p5:  0.053031
M_jj_AK8_T1_1p0:  0.212125
M_jj_AK8_T1_1p5:  0.477282
M_jj_AK8_T1_2p0:  0.848501
M_jj_AK8_T1_2p5:  1.325783
M_jj_AK8_T1_3p0:  1.909128
M_jj_AK8_T1_3p5:  2.598535
M_jj_AK8_T1_4p0:  3.394005
M_jj_AK8_T1_4p5:  4.295537
M_jj_AK8_T1_5p0:  5.303133
M_jj_AK8_T1_5p5:  6.416790
M_jj_AK8_T1_6p0:  7.636511
M_jj_AK8_T1_6p5:  8.962293
M_jj_AK8_T1_7p0:  10.394140
M_jj_AK8_T1_7p5:  11.932050
M_jj_AK8_T1_8p0:  13.576020
M_jj_AK8_T1_8p5:  15.326057
M_jj_AK8_T1_9p0:  17.182149
M_jj_AK8_T1_9p5:  19.144311
M_jj_AK8_T1_10p0:  21.212533
M_jj_AK8_T1_10p5:  23.386816
M_jj_AK8_T1_11p0:  25.667161
M_jj_AK8_T1_11p5:  28.053572
M_jj_AK8_T1_12p0:  30.546044
M_jj_AK8_T1_12p5:  33.144575
