M_jj_AK8_T2_m20p5:  9.698209
M_jj_AK8_T2_m20p0:  9.230893
M_jj_AK8_T2_m19p5:  8.775118
M_jj_AK8_T2_m19p0:  8.330881
M_jj_AK8_T2_m18p5:  7.898184
M_jj_AK8_T2_m18p0:  7.477026
M_jj_AK8_T2_m17p5:  7.067402
M_jj_AK8_T2_m17p0:  6.669323
M_jj_AK8_T2_m16p5:  6.282777
M_jj_AK8_T2_m16p0:  5.907771
M_jj_AK8_T2_m15p5:  5.544306
M_jj_AK8_T2_m15p0:  5.192377
M_jj_AK8_T2_m14p5:  4.851988
M_jj_AK8_T2_m14p0:  4.523137
M_jj_AK8_T2_m13p5:  4.205826
M_jj_AK8_T2_m13p0:  3.900053
M_jj_AK8_T2_m12p5:  3.605817
M_jj_AK8_T2_m12p0:  3.323121
M_jj_AK8_T2_m11p5:  3.051964
M_jj_AK8_T2_m11p0:  2.792345
M_jj_AK8_T2_m10p5:  2.544265
M_jj_AK8_T2_m10p0:  2.307723
M_jj_AK8_T2_m9p5:  2.082720
M_jj_AK8_T2_m9p0:  1.869256
M_jj_AK8_T2_m8p5:  1.667331
M_jj_AK8_T2_m8p0:  1.476943
M_jj_AK8_T2_m7p5:  1.298094
M_jj_AK8_T2_m7p0:  1.130784
M_jj_AK8_T2_m6p5:  0.975013
M_jj_AK8_T2_m6p0:  0.830780
M_jj_AK8_T2_m5p5:  0.698086
M_jj_AK8_T2_m5p0:  0.576931
M_jj_AK8_T2_m4p5:  0.467314
M_jj_AK8_T2_m4p0:  0.369236
M_jj_AK8_T2_m3p5:  0.282696
M_jj_AK8_T2_m3p0:  0.207695
M_jj_AK8_T2_m2p5:  0.144233
M_jj_AK8_T2_m2p0:  0.092309
M_jj_AK8_T2_m1p5:  0.051924
M_jj_AK8_T2_m1p0:  0.023077
M_jj_AK8_T2_m0p5:  0.005769
M_jj_AK8_T2_0p0:  0.000000
M_jj_AK8_T2_0p5:  0.005769
M_jj_AK8_T2_1p0:  0.023077
M_jj_AK8_T2_1p5:  0.051924
M_jj_AK8_T2_2p0:  0.092309
M_jj_AK8_T2_2p5:  0.144233
M_jj_AK8_T2_3p0:  0.207695
M_jj_AK8_T2_3p5:  0.282696
M_jj_AK8_T2_4p0:  0.369236
M_jj_AK8_T2_4p5:  0.467314
M_jj_AK8_T2_5p0:  0.576931
M_jj_AK8_T2_5p5:  0.698086
M_jj_AK8_T2_6p0:  0.830780
M_jj_AK8_T2_6p5:  0.975013
M_jj_AK8_T2_7p0:  1.130784
M_jj_AK8_T2_7p5:  1.298094
M_jj_AK8_T2_8p0:  1.476943
M_jj_AK8_T2_8p5:  1.667331
M_jj_AK8_T2_9p0:  1.869256
M_jj_AK8_T2_9p5:  2.082720
M_jj_AK8_T2_10p0:  2.307723
M_jj_AK8_T2_10p5:  2.544265
M_jj_AK8_T2_11p0:  2.792345
M_jj_AK8_T2_11p5:  3.051964
M_jj_AK8_T2_12p0:  3.323121
M_jj_AK8_T2_12p5:  3.605817
M_jj_AK8_T2_13p0:  3.900053
M_jj_AK8_T2_13p5:  4.205826
M_jj_AK8_T2_14p0:  4.523137
M_jj_AK8_T2_14p5:  4.851988
M_jj_AK8_T2_15p0:  5.192377
M_jj_AK8_T2_15p5:  5.544306
M_jj_AK8_T2_16p0:  5.907771
M_jj_AK8_T2_16p5:  6.282777
M_jj_AK8_T2_17p0:  6.669323
M_jj_AK8_T2_17p5:  7.067402
M_jj_AK8_T2_18p0:  7.477026
M_jj_AK8_T2_18p5:  7.898184
M_jj_AK8_T2_19p0:  8.330881
M_jj_AK8_T2_19p5:  8.775118
M_jj_AK8_T2_20p0:  9.230893
M_jj_AK8_T2_20p5:  9.698209
